1953040
(/ 1953040 5.0)
390608.0
2003143
(/ 2003143 5.0)
400628.6
1920898
(/ 1920898 5.0)
384179.6
2056445
(/ 2056445 5.0)
411289.0
2476338
(/ 2476338 5.0)
495267.6
2574384
(/ 2574384 5.0)
514876.8
2553635
(/ 2553635 5.0)
510727.0
2506165
(/ 2506165 5.0)
501233.0
2364959
(/ 2364959 5.0)
472991.8
2405165
(/ 2405165 5.0)
481033.0
2640429
(/ 2640429 5.0)
528085.8
2683302
(/ 2683302 5.0)
536660.4
2374636
(/ 2374636 5.0)
474927.2
1997090
(/ 1997090 5.0)
399418.0
1547668
(/ 1547668 5.0)
309533.6
1077431
(/ 1077431 5.0)
215486.2
763413
(/ 763413 5.0)
152682.6
504232
(/ 504232 5.0)
100846.4
236012
(/ 236012 5.0)
47202.4
63078
(/ 63078 5.0)
12615.6
